0,3420,1520,2600,1000,1040,1320,1260
3420,0,1930,925,2410,2740,3590,2250
1520,1930,0,1260,480,821,2160,6350
2600,925,1260,0,1680,2070,2720,1340
1000,2410,480,1680,0,598,1750,488
1040,2740,821,2070,598,0,2120,1110
1320,3590,2160,2720,1750,2120,0,1540
1260,2250,6350,1340,488,1110,1540,0