0,1460,1540,1850,1240,2550,1070,3490
1460,0,2090,2690,669,1210,563,2200
1540,2090,0,696,2380,3300,1560,3240
1850,2690,696,0,2870,3940,2140,3910
1240,669,2380,2870,0,1370,903,2850
2550,1210,3300,3940,1370,0,1770,2140
1070,563,1560,2140,903,1770,0,2420
3490,2200,3240,3910,2850,2140,2420,0
