0,6820,5680,2580,4830,8080,3980,4500
6820,0,8600,4630,3730,5220,5430,5020
5680,8600,0,6670,4840,5810,3270,3540
2580,4630,6670,0,3680,7070,3770,636
4830,3730,4840,3680,0,3360,1730,1270
8080,5220,5810,7070,3360,0,4320,3680
3980,5430,3270,3770,1730,4320,0,617
4500,5020,3540,636,1270,3680,617,0